000,000,000,000,000,000,000,000,000,000,000,000,000,000,000,000
000,000,000,000,000,000,000,000,000,000,000,000,000,000,000,000
000,000,000,000,000,000,000,000,000,000,000,000,000,000,000,000
000,000,000,000,000,000,000,000,000,000,000,000,000,000,000,000
000,000,000,000,000,000,000,000,000,000,000,000,000,000,000,000
000,000,000,000,000,000,000,000,000,000,000,000,000,000,000,000
000,000,000,000,000,000,000,000,000,000,000,000,000,000,000,000
000,000,000,000,000,000,000,000,000,000,000,000,000,000,000,000
000,000,000,000,000,000,000,000,000,000,000,000,000,000,000,000
000,000,000,000,000,000,000,000,000,000,000,000,000,000,000,000
000,000,000,000,000,000,000,000,000,000,000,000,000,000,000,000
000,000,000,000,000,000,000,000,000,000,000,000,000,000,000,000
000,222,060,070,171,000,000,000,000,000,000,000,000,000,000,000
000,222,555,666,777,000,000,000,000,000,000,000,000,000,000,000
000,222,600,700,711,000,000,000,000,000,000,000,000,000,000,000
000,222,046,057,167,000,000,000,000,000,000,000,000,000,000,000